1762737667.54333 0
1762737667.713092 50000
1762737667.7929273 100000
1762737667.8731003 150000
1762737667.9636312 200000
1762737668.0600243 250000
1762737668.2739727 300000
1762737668.5488555 349721
1762737668.6287875 399721
1762737668.8245146 449721
1762737669.1159222 499438
1762737669.1968493 549438
1762737669.276042 599438
1762737669.5378053 649438
1762737669.617802 699438
1762737669.6977994 749438
1762737669.777792 799438
1762737669.8577943 849438
1762737669.9378092 899438
1762737670.0192764 949438
1762737670.0977964 999438
1762737670.1777887 1049438
1762737670.2578008 1099438
1762737670.3377998 1149438
1762737670.4177992 1199438
1762737670.497788 1249438
1762737670.5777905 1299438
1762737670.6578133 1349438
1762737670.737099 1399008
1762737670.8351579 1449008
1762737670.93349 1499008
1762737671.033723 1549008
1762737671.1336591 1599008
1762737671.2343256 1649008
1762737671.3343363 1699008
1762737671.4340322 1749008
1762737671.5341733 1799008
1762737671.633696 1849008
1762737671.7336335 1899008
1762737671.83428 1949008
1762737671.934814 1999008
1762737672.0342216 2049008
1762737672.134596 2099008
1762737672.233831 2149008
1762737672.3336813 2199008
1762737672.4498446 2248729
1762737672.5396214 2298729
1762737672.6492965 2348729
1762737672.73983 2398729
1762737672.8386629 2448729
1762737673.0679302 2498729
1762737673.1477234 2548729
1762737673.227708 2598729
1762737673.307775 2648729
1762737673.3877118 2698729
1762737673.4677 2748729
1762737673.5477068 2798729
1762737673.6467662 2848729
1762737673.7461386 2898729
1762737673.846336 2948729
1762737673.946202 2998729
1762737674.045975 3048729
1762737674.1464975 3098729
1762737674.2459679 3148729
1762737674.3461561 3198729
1762737674.44611 3248729
1762737674.5462584 3298729
1762737674.6463575 3348729
1762737674.7461336 3398729
1762737674.8468874 3448729
1762737674.9493635 3498729
1762737675.0461495 3548729
1762737675.1463938 3598729
1762737675.2462337 3648729
1762737675.3462107 3698729
1762737675.4471633 3748729
1762737675.5457942 3798729
1762737675.6460443 3848729
1762737675.7460742 3898729
1762737675.84679 3948729
1762737675.946076 3998729
1762737676.0465567 4048729
1762737676.1461976 4098729
1762737676.2463193 4148729
1762737676.3462868 4198729
1762737676.4465866 4248729
1762737676.5462747 4298729
1762737676.646308 4348729
1762737676.746639 4398729
1762737676.8460476 4448729
1762737676.946436 4498729
1762737677.0463789 4548729
1762737677.1461377 4598729
1762737677.2469835 4648729
1762737677.3461447 4698729
1762737677.446246 4748729
1762737677.545813 4798729
